41992416860
41991644855
41992519470
41985321860
41991624112
41992294686
41991411949
41991426141
41998802600
41997838064
41991757992
41991742634
41997835506
41991760136
41997835633
41998805224
41997838115
41998805070
46999893066
41991421704
41997838938
41991763239
41991771860
41991743002
4491631443
41991269589
41998806006
4192825575
41991769925
41991378471
49988758749
41991737407
41992621295
41991780141
4192260604
41995111891
41991372722
41992462445
41997834339
41991641654
4491048408
4491019901
4192827872
41991770635
4491530557
4491091603
41997837608
41988947981
41991647116
4491148235
49988204250
4192339693
41991756579
41991410507
4491364852
41991749452
41991633923
41991760024
41991388724
41991769823
41997833293
41991735713
41991724052
41991732486
4491421821
4491629280
4491219294
41992516608
4491067256
41997838238
41991783746
41995112835
41991634180
41998117846
49988213499
46988025516
41992677263
49988751538
49988447172
44999518710
41998805756
41998803991
41991963464
41992718478
41991998588
41992394765
41992449954
41998801698
41992076171
49988419435
41997837220
41995110702
41992726316
41997836279
41998803190
41997836920
41997830877
41997836886
41997839330
41997833490
41997831937
41998804433
41997836816
4187742263
41992712968
4491618375
41991383925
41991519195
41991391678
41991474515
41995111368
41998803811
41992884656
41998600171
41992399969
41997839995
41995110819
41997839025
41995112571
41991483780
41995009739
41991417866
41992356905
41992733297
41997832128
41997833370
41992667793
41999479692
41998803614
41997835880
41991660185
41995874607
41998805381
41997838444
41997831177
46999893065
41995870335
41992518468
41997830775
46988058962
41998954108
41998806242
41996013100
41996032220
41997831505
41997832751
41997834595
41997830988
41999777943
41991955655
41998806581
41998804040
41992528546
41992075504
41992059826
41992464490
41992439782
41997834466
41991930490
41991964089
41992054063
41997834158
49988963990
49988071470
41992665949
41997834883
49988184913
41992537625
41992556289
41996937855
41998600265
41992363221
41997838961
41997839852
41991673625
41997300833
41997831570
41991955175
41992416059
41997838069
41992450584
41992772122
41992397990
41992413347
41992298316
41991994462
41992358935
41992429248
41997836246
41998805762
41997836152
41991650944
41997831313
41991924792
41991656520
41991970613
41997834110
49988901205
41997833204
41997838445
41991965641
41992067583
41997831792
41997836357
41998805807
41997833083
41992039941
41997551097
41997551130
41998803293
41997835017
41997831824
41997834519
41997831061
41997835891
41997833153
41997837625
41998805422
41997834874
41998802293
41997836462
41997834895
41992619352
41992057587
41998806929
41997832700
41997834409
41991935355
4491511955
41987407148
41992522284
41992671563
4491622887
41992671247
49988700571
41992661193
4192545259
41992675043
41992416787
4199097437
46999716612
41997836852
4187601839
41992393731
41992578680
49988914717
41998802183
41992420661
41997836140
41997835479
41992055506
4491642758
41997838175
41997838571
41991516557
41992683239
41998800292
41996136616
41997836940
4491592447
4491551364
41992369830
41992461054
41995112629
41998803452
41995860395
41992513869
41997837754
41991078604
46999893036
4199092303
41997836263
49988441938
41997550059
41997837596
41991959032
41999629178
41997834464
41995112723
41997830720
41997837739
41997834512
41992298108
41998803357
4491461498
41992359730
4199092375
41992277158
41991434511
41992732741
41992625630
41992643549
41998802200
41995112445
41997831775
41992047394
41997834960
41992701242